"","miss_DIST_FROM_NEAREST_PRIMARY_CLASS","miss_dmean_num_ENROLLMENT_COST","miss_father_educ","AGE","HH_SIZE","SECTORRural","SECTORUrban","SEXMale","RELIGIONChristian","RELIGIONHindu","RELIGIONJain","RELIGIONMuslim","RELIGIONOther","RELIGIONSikh","RELIGIONZoroastrian","SOCIAL_GROUPOther Backward Class","SOCIAL_GROUPScheduled Caste","SOCIAL_GROUPScheduled Tribe","state_0708Andhra Pardesh","state_0708Arunachal Pradesh","state_0708Assam","state_0708Bihar","state_0708Chandigarh","state_0708Chhattisgarh","state_0708Dadra & Nagar Haveli","state_0708Daman & Diu","state_0708Delhi","state_0708Goa","state_0708Gujrat","state_0708Haryana","state_0708Himachal Pradesh","state_0708Jammu & Kashmir","state_0708Jharkhand","state_0708Karnataka","state_0708Kerala","state_0708Lakshadweep","state_0708Madhya Pradesh","state_0708Maharastra","state_0708Manipur","state_0708Meghalaya","state_0708Mizoram","state_0708Nagaland","state_0708Orissa","state_0708Pondicheri","state_0708Punjab","state_0708Rajasthan","state_0708Sikkim","state_0708Tamil Nadu","state_0708Tripura","state_0708Uttar Pradesh","state_0708Uttaranchal","state_0708West Bengal"
"miss_DIST_FROM_NEAREST_PRIMARY_CLASS",1,0.00869039419737122,-0.00462511070207824,-0.00899711866541425,0.00376680852338099,0.0157189451588173,-0.0157189451588173,-0.0045380168904497,-0.00669115946207208,-0.0126779878347895,0.0149751496220841,-0.00880628423357553,-0.000240854170387204,0.076520549417717,-0.00239113278024246,-0.000357383482944936,-0.0130588226930477,0.0204350704937813,-0.0121561794350912,0.0493548968612952,-0.00751487246192898,0.0334291288551684,-0.00247498270272925,-0.00482558639173907,-0.00231687054118543,-0.0023210579952905,-0.0050590892981777,-0.00244337593586143,-0.010327923905211,-0.00702500335803538,-0.00602002834668855,-0.0064798294652059,-0.00789394964362074,-0.00982329454922493,-0.00710761516618079,-0.00222713188335955,0.00513098926806018,-0.0140096035888044,0.0862680909877406,0.0245402640237134,-0.00547763167261351,-0.00534036490051099,-0.0100109854485617,-0.00281675790418013,-0.00795681757817092,-0.0116713431556116,-0.0052488365832258,-0.010502993680653,0.0261717130986032,-0.0145261418063378,0.0139371177303669,-0.0128481624644719
"miss_dmean_num_ENROLLMENT_COST",0.00869039419737122,1,0.0022755967676954,-0.0349564625439975,0.0231437447945381,0.0332845660301526,-0.0332845660301526,-0.0119646314541798,-0.0294733073761946,-0.0334591319484046,0.00921630586267516,0.0172672553562632,-0.00118178375740115,0.057922416147493,-0.00532885432604383,0.0102355224740523,-0.014385255229144,0.0767161506718258,-0.0596459483566712,0.180655479329017,0.0146522477046569,0.247015617170005,-0.0121438393746609,-0.00965413852059251,-0.0113680405415809,-0.0113885868548748,0.0385697321937718,-0.0119887564727295,0.0287176479634346,-0.0344691347915936,-0.0092244572690633,-0.0275314798487831,0.127059952231996,-0.0327563540860528,-0.0348744808683579,0.184570807301251,-0.0415936063810859,-0.06874002614193,-0.0334432116300526,-0.0306307236807215,0.0656506327090338,-0.0262032269893486,-0.011005009275758,-0.013820805902298,-0.0390412080439045,0.04081015212769,-0.0257541308473372,-0.0515343675216331,-0.0354745084659293,-0.0734382819322147,0.00142701257813138,-0.0630412572410101
"miss_father_educ",-0.00462511070207824,0.0022755967676954,1,0.0424733862743157,-0.0281850689953344,-0.0115736968849822,0.0115736968849821,-0.0225278387373924,0.00568248159658896,0.0141389974164248,-0.00270568632040924,-0.0200266060550219,-0.00100309205526328,-0.00377771819796857,0.00984535629154004,0.00017600617549102,-0.00882099664017954,0.00697826931231007,-0.0120029669379444,-0.0036033670975765,-0.00476932378006624,0.00693249672922524,0.00484171089406015,0.00557281091911134,-0.00879765006239988,-0.00286693013521022,0.00448489074528589,-0.00290762417692706,0.000936213256552418,-0.00867716096190808,0.00711358317680819,0.00514648076837377,0.00496520680159336,-0.0100899907393496,-0.00896830840671216,0.00578061288683975,-0.0024386992988257,-0.0110084347378752,0.00398247946689751,-0.00581891652372425,-0.000260204664252729,-0.00658022956453738,0.00107791155647184,-0.0026167031191656,0.00670310976551816,0.00781862996944963,0.0187180457694903,-0.01671780186699,-0.00258295266433599,0.0326944385533575,-0.00278933291128997,-0.0190115281481179
"AGE",-0.00899711866541425,-0.0349564625439975,0.0424733862743157,1,-0.0742596598605929,-0.0478914193817622,0.0478914193817622,0.00358636230564617,0.0198438460135264,-0.00492640608426924,-0.00411262603412992,0.00105532451640741,0.000510227144219401,-0.0079028755767099,0.000518522318170184,-0.0173242609570284,-0.0075594181539238,-0.0180537212294427,0.00609708891196057,-0.00605632965702367,-0.000775455204149294,-0.073712751591762,0.00504331352799043,0.00228613823800697,-0.00894115886365182,-0.00249418722729094,-0.00273641763365645,0.0040508954815778,0.00757720244703625,0.015754349158007,0.0115582005807837,0.0301138339990543,-0.0147815746447346,0.010827486520336,0.00949069858703529,0.0043713671426883,-0.00348256749172382,0.0282078399572831,-0.0114034325720198,-0.00624635044811508,-0.00653812499030686,0.00395824439236238,-0.000820480408662728,-0.000332753781602385,0.020681302095449,0.00090014992758349,1.17302440072285e-05,0.00517142580617975,0.0189939788116813,-0.0135464314432841,0.00304648855586164,0.0108118424698831
"HH_SIZE",0.00376680852338099,0.0231437447945381,-0.0281850689953344,-0.0742596598605929,1,0.0620229568196264,-0.0620229568196264,0.0547649190476054,-0.00454544894279622,-0.0826507635799564,-0.0417569619798331,0.134390579674624,-0.00252755065339154,-0.00108469867143304,0.0069106731961169,0.0567408178222301,-0.0206937909909729,-0.0257976692558219,-0.112063140963263,-0.00346317221069721,-0.0114860846500142,0.0586538472310252,-0.0158037266647687,0.0080757096946266,0.0016042490778088,-0.0145474607458279,-0.0129126838835254,-0.0197903543546969,0.00455615177678565,0.0173367750799355,-0.0182153541666602,0.0124966284760468,0.00608600519962171,-0.0172685158046506,-0.04673870832784,0.0287625205774947,0.0189389337562767,-0.020003069110716,-0.0209957112517882,-0.000570201523027023,-0.0179543502359981,-0.0237185333711005,-0.0271790171232677,-0.0272225567850946,-0.00506970827242585,0.0547567908795417,-0.026040994508965,-0.105639849266442,-0.0427524199960547,0.188195248861309,0.0145849934993278,-0.0523503264635573
"SECTORRural",0.0157189451588173,0.0332845660301526,-0.0115736968849822,-0.0478914193817622,0.0620229568196264,1,-1,0.00304588532625059,0.0105667242075013,0.0756858743865343,-0.00554122287111307,-0.0929424393299992,-8.94363139146532e-05,0.00667658943017838,-0.053827313036775,0.0424167336283761,0.0601291144952611,0.111372196825583,-0.00647456958058033,-0.00637816943816348,0.0113405131038077,0.0995227120928139,-0.0460023158361835,0.00754822074458027,-0.0104653378371587,-0.0157229088315976,-0.121840774473,-0.0263012620006889,-0.0398113600461492,-0.009984176011894,0.0294388365339078,-0.016826634410748,0.023206843056162,-0.0267574608049556,-0.00666450504114017,-0.0332957358712072,-0.00453394388311098,-0.0798230900929935,0.0121572846326499,0.0253690463191732,-0.0583509501621576,0.0114242119035215,0.0429424979274198,-0.0418743424681936,-0.0283954857581702,0.0164480174127779,0.0413109632513501,-0.0648685848711559,0.0449911483648482,0.0518243148820761,-0.00429375027625609,0.0137410652521883
"SECTORUrban",-0.0157189451588173,-0.0332845660301526,0.0115736968849821,0.0478914193817622,-0.0620229568196264,-1,1,-0.00304588532625059,-0.0105667242075013,-0.0756858743865343,0.00554122287111307,0.0929424393299992,8.9436313914654e-05,-0.00667658943017838,0.053827313036775,-0.0424167336283761,-0.0601291144952611,-0.111372196825583,0.00647456958058033,0.00637816943816348,-0.0113405131038077,-0.0995227120928139,0.0460023158361835,-0.00754822074458027,0.0104653378371587,0.0157229088315976,0.121840774473,0.0263012620006889,0.0398113600461492,0.009984176011894,-0.0294388365339078,0.016826634410748,-0.023206843056162,0.0267574608049556,0.00666450504114017,0.0332957358712072,0.00453394388311098,0.0798230900929935,-0.0121572846326499,-0.0253690463191732,0.0583509501621576,-0.0114242119035215,-0.0429424979274198,0.0418743424681936,0.0283954857581703,-0.0164480174127779,-0.0413109632513501,0.0648685848711559,-0.0449911483648482,-0.0518243148820761,0.00429375027625609,-0.0137410652521883
"SEXMale",-0.0045380168904497,-0.0119646314541798,-0.0225278387373924,0.00358636230564617,0.0547649190476054,0.00304588532625059,-0.00304588532625059,1,-0.00839657469926004,-0.00710497306016851,0.00846062364621928,0.00485881736705069,0.00195856410091141,0.00538789111203471,-0.00371184091414161,0.000960777499260167,-0.00453656130948199,0.00289181872143813,0.0137758418860312,0.00538619170629745,-0.00670943836424176,-0.0186098897105631,-0.00509886056161577,0.0017914216358636,-0.0101265417714631,-0.00621516729812965,-0.0062180834590503,-0.000442391434382528,0.000774566117359201,-0.00746030450746856,-0.00181980764917243,0.00222323468891526,-0.0034645732047433,0.00542375788742034,0.00508166910921513,-0.000412373886336574,-0.00754487257030828,0.00398464096441269,-0.00335263192836209,0.0103559782563251,-0.000381138167744558,0.00255801997579084,0.00672256183792339,0.000167962464017364,-0.00533412579285067,-0.00193187793817152,0.00121767623860598,0.0126192674551374,0.00185225713838673,-0.00466053826344272,0.00515101802118315,0.00427593060938861
"RELIGIONChristian",-0.00669115946207208,-0.0294733073761946,0.00568248159658896,0.0198438460135264,-0.00454544894279622,0.0105667242075013,-0.0105667242075013,-0.00839657469926004,1,-0.234642951092739,-0.0340298321613595,-0.0566668210607786,-0.000655324603207925,-0.0117609828388548,-0.00650587921270366,-0.0596323230607102,0.0566987421073608,-0.0534379970570341,-0.0330749658682894,-0.0135610640406284,-0.0176429287890827,-0.0416869189500932,0.0457070845921233,-0.0167602573655223,-0.00630382386834674,-0.00631521724260067,0.0109172809874939,-0.00664802425082952,-0.027208800404019,0.0565113274626166,-0.0129076350631071,-0.00238954191649558,-0.0210959451192937,-0.0264162767915308,-0.0193386524344848,-0.00605965973268109,-0.0335987716915776,-0.0349427085729523,-0.0185449827467373,-0.0169853974690613,-0.0149037353041667,-0.0145302549827608,-0.0257087383289346,-0.00766393520573585,0.657341197117487,-0.0110019763596879,-0.0142812214778547,-0.0285769192003374,-0.0196713806893137,-0.0454473433186146,-0.0108998707258083,-0.034713346990073
"RELIGIONHindu",-0.0126779878347895,-0.0334591319484046,0.0141389974164248,-0.00492640608426924,-0.0826507635799564,0.0756858743865343,-0.0756858743865343,-0.00710497306016851,-0.234642951092739,1,-0.438594959728884,-0.730352767628187,-0.00844617941663228,-0.151581934643174,-0.0838513048720324,0.114224507931177,0.19562252770786,-0.189504678388922,0.0688037098485044,-0.131093762029309,-0.0210699782386564,0.0619457532132072,0.00530848447026303,0.0674551618109027,0.0245238093778771,0.0144470368553878,0.0105476345892405,-0.00498381046028998,0.0505725482975403,0.0338995338750924,0.0492736607660147,-0.119030427673586,0.00586273868204012,0.0277092966372097,-0.0727912225313134,-0.0772882701571679,0.0850627448129754,0.0286435912428815,-0.0786426297708474,-0.200563619530547,-0.190920293394014,-0.181462598372398,0.0962911069466452,0.0066313941696848,-0.131068501292158,0.0607621480112044,-0.0297022810966588,0.0647896999759069,0.0305595942741694,0.0113671916127123,0.00700044883415296,-0.0390471029818536
"RELIGIONJain",0.0149751496220841,0.00921630586267516,-0.00270568632040924,-0.00411262603412992,-0.0417569619798331,-0.00554122287111307,0.00554122287111307,0.00846062364621928,-0.0340298321613595,-0.438594959728884,1,-0.105921707792054,-0.00122493374130904,-0.0219836469434832,-0.0121607992826172,-0.170148276103913,-0.0999088811291926,0.478890744033803,-0.0417479026738781,0.0957476444426559,-0.0232217094217093,-0.077142022917307,-0.0112551344260195,-0.0235380569255528,-0.00822667009963281,-0.00754434312198171,-0.0240873818758695,0.0186063591949608,-0.0462130033319466,-0.0350113758339818,-0.0295078953002223,-0.0314064449147193,-0.00981765166266768,-0.0353462386989783,0.0826138235481317,-0.00984707069589832,-0.0629929962377799,-0.0595895906690505,0.178455475026211,0.407619693413785,0.403016862876936,0.410788553426636,-0.0398019504161917,0.000901895729498083,-0.0285956603578536,-0.058317141681217,-0.00990441999360374,-0.00810283746469554,-0.0307306180304785,-0.0986933923751121,-0.0291955793076754,-0.0594702753985965
"RELIGIONMuslim",-0.00880628423357553,0.0172672553562632,-0.0200266060550219,0.00105532451640741,0.134390579674624,-0.0929424393299992,0.0929424393299992,0.00485881736705069,-0.0566668210607786,-0.730352767628187,-0.105921707792054,1,-0.00203977206824501,-0.0366073914704188,-0.0202502860911359,0.0385443817858738,-0.190393202845339,-0.144921588775203,-0.0298011358307019,-0.0405233013867147,0.0555943975828089,0.00910789812736302,-0.0134397462613454,-0.052217533751654,-0.019148929069573,-0.00739553440997943,0.00230871595577877,-0.000976945197507615,-0.0112226205609358,-0.0311061635615538,-0.040489381394075,0.173468019676245,-0.00712845877103771,0.00589376370049877,0.048640405302708,0.104969313870937,-0.0400744035407434,-0.0087884122346605,-0.0219675817784389,-0.0390062640411996,-0.0455822692096746,-0.0419168575517407,-0.0693399606915905,-0.00245994543709552,-0.057811260447703,-0.0217101592990079,-0.040033233758505,-0.0508116492549716,-0.0120151285295977,0.0903333357972774,0.0215015324346806,0.109447211441401
"RELIGIONOther",-0.000240854170387204,-0.00118178375740115,-0.00100309205526328,0.000510227144219401,-0.00252755065339154,-8.94363139146532e-05,8.9436313914654e-05,0.00195856410091141,-0.000655324603207925,-0.00844617941663228,-0.00122493374130904,-0.00203977206824501,1,-0.000423346922253383,-0.000234184844837517,-0.00392070918628441,-0.00231969202629718,-0.00197255785803285,-0.00119056248919262,-0.000527906646552984,-0.000735998124415066,-0.00150809893203664,-0.000242397011578455,-0.000694723008102189,-0.00022691168498918,-0.000227321799515716,-0.000495481494002758,-0.000239301480515602,-0.00101150520674691,-0.000688020897449348,-0.000589594779484908,-0.000634627181901791,-0.000773124515596443,-0.000962082377364917,-0.000696111804670302,-0.00021812278215944,-0.00124493690686281,0.0171920760542207,-0.000667542966147071,-0.000611404322269592,-0.000536473061606104,-0.000523029308928713,-0.000980464612132887,-0.000275870088933555,-0.000779281730119122,-0.00114307817136281,-0.000514065128869682,-0.00102865134289511,-0.000708088650871393,-0.00192296136564822,-0.00058894660042637,-0.00125833452581833
"RELIGIONSikh",0.076520549417717,0.057922416147493,-0.00377771819796857,-0.0079028755767099,-0.00108469867143304,0.00667658943017838,-0.00667658943017838,0.00538789111203471,-0.0117609828388548,-0.151581934643174,-0.0219836469434832,-0.0366073914704188,-0.000423346922253383,1,-0.00420286973476322,-0.0642273271942105,-0.0357881925680156,0.176294117241055,-0.0194014516450688,0.403422327157635,-0.0113681164476126,-0.0251399191795312,-0.0025245454390989,-0.0124680583272038,-0.00407233975351779,-0.0040796999989561,-0.00709187696073741,-0.00429469699731463,-0.0167872233159208,-0.0103842974505933,-0.00906181873264825,-0.0113895302556528,0.0838963914525914,-0.0172663047814575,-0.011845795759275,-0.00391460702862082,-0.0185637288903058,-0.0246245375438778,0.0439445169387785,0.0807099937130677,-0.00962797740263556,-0.00767909271635996,-0.0152532553529619,-0.00495098668023686,-0.0139856172188644,-0.0205146009949634,-0.00922582660426845,-0.0184610050222552,-0.0127079289112217,-0.034511012573966,-0.0105697097694711,-0.00274166355667578
"RELIGIONZoroastrian",-0.00239113278024246,-0.00532885432604383,0.00984535629154004,0.000518522318170184,0.0069106731961169,-0.053827313036775,0.053827313036775,-0.00371184091414161,-0.00650587921270366,-0.0838513048720324,-0.0121607992826172,-0.0202502860911359,-0.000234184844837517,-0.00420286973476322,1,-0.0379204429649195,-0.0192466782194151,-0.0172388596938206,-0.00899217339479585,-0.00524090940773708,-0.00620341546767058,-0.0126634174312485,-0.00240644967568355,-0.00223277182882275,-0.00225271568818352,-0.00225678719040328,0.00965062412060658,-0.0023757181098381,0.0046975020421535,-0.00565351246523683,-0.00585333192285348,-0.00630040100792559,-0.00767536376665747,0.0281792121926607,-0.00691080313112658,-0.00216546192120511,0.0216184445452618,0.043854871852955,-0.0066271796996884,-0.00475087591270375,-0.00532595437835418,-0.00519248856515051,-0.00973377820352119,-0.00273876101739995,-0.00146699523236731,0.0238334443070868,-0.00510349469491902,-0.00456769039679171,-0.00702970590750148,-0.016225387028695,-0.00584689698262594,-0.0124923929211917
"SOCIAL_GROUPOther Backward Class",-0.000357383482944936,0.0102355224740523,0.00017600617549102,-0.0173242609570284,0.0567408178222301,0.0424167336283761,-0.0424167336283761,0.000960777499260167,-0.0596323230607102,0.114224507931177,-0.170148276103913,0.0385443817858738,-0.00392070918628441,-0.0642273271942105,-0.0379204429649195,1,-0.385554428806168,-0.327857495572207,0.0401222911159633,-0.0835498157557222,-0.0496769533732641,0.149078264164582,-0.0234851661976171,0.00171038750382418,-0.0273621287679693,0.0135430860384832,-0.0479372368072734,-0.0266820072586723,0.0237778940202634,-0.0299059120222175,-0.0723113747966003,-0.0675390557977132,0.0133608594452979,0.0068685953298406,0.0700996349591354,-0.0358951030764775,0.0155408082223724,-0.0402609982530343,0.020590773626581,-0.0990246902285775,-0.0887245564486551,-0.0823987220217012,-0.00919366568300162,0.0376858522244423,-0.0791293670766415,0.0350886940094116,0.00139586302885055,0.133077371145133,-0.06066927768845,0.134376687811765,-0.0359636977178215,-0.172570535930062
"SOCIAL_GROUPScheduled Caste",-0.0130588226930477,-0.014385255229144,-0.00882099664017954,-0.0075594181539238,-0.0206937909909729,0.0601291144952611,-0.0601291144952611,-0.00453656130948199,0.0566987421073608,0.19562252770786,-0.0999088811291926,-0.190393202845339,-0.00231969202629718,-0.0357881925680156,-0.0192466782194151,-0.385554428806168,1,-0.193977258221556,0.00856667414825523,-0.0419382038204011,-0.036072030718213,0.0196787120946671,0.00337284681368685,-0.0189882201529894,-0.0192781540993483,-0.0158606018859735,0.0301723980378971,-0.0136602075075337,-0.0378849392251523,0.0361449744252084,0.0258460676583911,-0.024481134169127,-0.00414012862435448,-0.00349384628317591,-0.033615437577342,-0.0214497430666602,-0.0143246652538131,-0.0320696639625368,-0.0569517542309783,-0.0589821648950911,-0.0516440080124419,-0.0501041614833145,0.00667090367970421,0.00393918539136532,0.0813139335443012,0.00826529639589808,-0.0302703848489302,0.0337972630817636,0.000897605411420179,0.0507835329418919,0.00925018783475263,0.0607952741902011
"SOCIAL_GROUPScheduled Tribe",0.0204350704937813,0.0767161506718258,0.00697826931231007,-0.0180537212294427,-0.0257976692558219,0.111372196825583,-0.111372196825583,0.00289181872143813,-0.0534379970570341,-0.189504678388922,0.478890744033803,-0.144921588775203,-0.00197255785803285,0.176294117241055,-0.0172388596938206,-0.327857495572207,-0.193977258221556,1,-0.0564473352602908,0.173149662947726,0.00559516041615278,-0.11424445341506,-0.0202697199341908,0.0939538246433362,0.066171732890071,-0.00597031064206931,-0.0385292803315487,-0.0154223530777135,0.00671101234892033,-0.0565592626342581,-0.0187623873001326,-0.0441157942255541,0.0530202164862672,-0.036316947562159,-0.0537137558392174,0.108565859359544,0.0529567498961512,-0.0337041521840387,0.0886316771835927,0.276285643539746,0.268661463763534,0.253500621882801,0.0502142882173989,-0.023068805199137,-0.0651650872947536,-0.0118466073210985,0.0712113158520478,-0.0807884845667506,0.0750739476292314,-0.15427848637133,-0.0422660862924584,-0.0560839946129428
"state_0708Andhra Pardesh",-0.0121561794350912,-0.0596459483566712,-0.0120029669379444,0.00609708891196057,-0.112063140963263,-0.00647456958058033,0.00647456958058033,0.0137758418860312,-0.0330749658682894,0.0688037098485044,-0.0417479026738781,-0.0298011358307019,-0.00119056248919262,-0.0194014516450688,-0.00899217339479585,0.0401222911159633,0.00856667414825523,-0.0564473352602908,1,-0.0266440390471354,-0.0371466487371653,-0.0761154402857998,-0.0122340483560464,-0.0350634474403067,-0.0114524865988953,-0.0114731855378891,-0.0250075053222738,-0.0120778134401777,-0.0510517994062174,-0.0347251844177117,-0.0297575081296379,-0.032030343859926,-0.0390204592352728,-0.0485573739153811,-0.0351335415568956,-0.0110089008404758,-0.0628333584627828,-0.0692506527683085,-0.0336916403153021,-0.0308582601537052,-0.0270763955985669,-0.026397874360807,-0.0494851458694409,-0.0139234720181896,-0.0393312207408034,-0.0576924341276467,-0.025945442164454,-0.0519171840798655,-0.0357380263837224,-0.0970540114377935,-0.0297247938076639,-0.0635095512799327
"state_0708Arunachal Pradesh",0.0493548968612952,0.180655479329017,-0.0036033670975765,-0.00605632965702367,-0.00346317221069721,-0.00637816943816348,0.00637816943816348,0.00538619170629745,-0.0135610640406284,-0.131093762029309,0.0957476444426559,-0.0405233013867147,-0.000527906646552984,0.403422327157635,-0.00524090940773708,-0.0835498157557222,-0.0419382038204011,0.173149662947726,-0.0266440390471354,1,-0.0164711747123306,-0.0337503047483899,-0.00542469252977752,-0.0155474635920691,-0.00507814066879775,-0.00508731877372931,-0.0110885639293269,-0.00535541649326944,-0.02263684978293,-0.0153974745746044,-0.0131947600139444,-0.0142025568321963,-0.0173020399758304,-0.0215307979729804,-0.0155785439850453,-0.00488145055608296,-0.0278609042858893,-0.0307063931597246,-0.0149391913630768,-0.0136828438524318,-0.0120059294081159,-0.0117050666860301,-0.0219421808155008,-0.00617379892966792,-0.0174398345609275,-0.0255813699056139,-0.0115044539792011,-0.0230205695163507,-0.0158465782634769,-0.0430346648560176,-0.0131802541748212,-0.0281607345642427
"state_0708Assam",-0.00751487246192898,0.0146522477046569,-0.00476932378006624,-0.000775455204149294,-0.0114860846500142,0.0113405131038077,-0.0113405131038077,-0.00670943836424176,-0.0176429287890827,-0.0210699782386564,-0.0232217094217093,0.0555943975828089,-0.000735998124415066,-0.0113681164476126,-0.00620341546767058,-0.0496769533732641,-0.036072030718213,0.00559516041615278,-0.0371466487371653,-0.0164711747123306,1,-0.0470540788890589,-0.00756301053137134,-0.0216759991901509,-0.00707985404644352,-0.00709264999828514,-0.0154594800192881,-0.00746642710456691,-0.0315598962271823,-0.0214668871508475,-0.0183959014074976,-0.0198009539348806,-0.0241221986006722,-0.03001785832544,-0.021719330925166,-0.00680563216461946,-0.0388431807646584,-0.042810311104606,-0.0208279567898673,-0.019076379276042,-0.0167384547701524,-0.0163189972760904,-0.0305914010199881,-0.00860740144571226,-0.0243143093780916,-0.0356650941853199,-0.0160393065828482,-0.0320948715035715,-0.0220930195830433,-0.0599981698009279,-0.0183756776227373,-0.039261198844077
"state_0708Bihar",0.0334291288551684,0.247015617170005,0.00693249672922524,-0.073712751591762,0.0586538472310252,0.0995227120928139,-0.0995227120928139,-0.0186098897105631,-0.0416869189500932,0.0619457532132072,-0.077142022917307,0.00910789812736302,-0.00150809893203664,-0.0251399191795312,-0.0126634174312485,0.149078264164582,0.0196787120946671,-0.11424445341506,-0.0761154402857998,-0.0337503047483899,-0.0470540788890589,1,-0.0154970070261875,-0.0444152643127871,-0.0145069939341952,-0.014533213513595,-0.0316772890225681,-0.0152991024963386,-0.0646678900619317,-0.0439867827274822,-0.0376941711483236,-0.0405731978005808,-0.0494276557796549,-0.0615081731609885,-0.0445040533206681,-0.0139450988512798,-0.0795917237896007,-0.0877205828594097,-0.0426775807565427,-0.0390885061511313,-0.0342979756681401,-0.033438485163956,-0.0626833923585332,-0.0176370190321605,-0.0498213008835857,-0.0730796569560064,-0.0328653841985434,-0.0657640825877351,-0.0452697610679531,-0.122939410847985,-0.0376527315476776,-0.0804482648571636
"state_0708Chandigarh",-0.00247498270272925,-0.0121438393746609,0.00484171089406015,0.00504331352799043,-0.0158037266647687,-0.0460023158361835,0.0460023158361835,-0.00509886056161577,0.0457070845921233,0.00530848447026303,-0.0112551344260195,-0.0134397462613454,-0.000242397011578455,-0.0025245454390989,-0.00240644967568355,-0.0234851661976171,0.00337284681368685,-0.0202697199341908,-0.0122340483560464,-0.00542469252977752,-0.00756301053137134,-0.0154970070261875,1,-0.00713887339159026,-0.00233171173451202,-0.00233592601221456,-0.00509149634075497,-0.00245902748563438,-0.010394081557324,-0.00707000346960138,-0.00605859088301344,-0.00652133735265977,-0.00794451597027405,-0.00988621969365574,-0.00715314446477745,-0.00224139823714182,-0.0127927920264644,-0.0140993450013325,-0.00685957520227612,-0.00628270259779268,-0.00551271977489492,-0.0053745737121443,-0.0100751128857924,-0.00283480122936325,-0.00800778661833229,-0.0117461063573076,-0.00528245909127574,-0.0105702727783693,-0.00727621680826764,-0.0197600735346846,-0.00605193028854438,-0.0129304640257728
"state_0708Chhattisgarh",-0.00482558639173907,-0.00965413852059251,0.00557281091911134,0.00228613823800697,0.0080757096946266,0.00754822074458027,-0.00754822074458027,0.0017914216358636,-0.0167602573655223,0.0674551618109027,-0.0235380569255528,-0.052217533751654,-0.000694723008102189,-0.0124680583272038,-0.00223277182882275,0.00171038750382418,-0.0189882201529894,0.0939538246433362,-0.0350634474403067,-0.0155474635920691,-0.0216759991901509,-0.0444152643127871,-0.00713887339159026,1,-0.00668281254654349,-0.0066948908954584,-0.0145925052068691,-0.0070477064081955,-0.0297900026033802,-0.0202630141588833,-0.0173642507210442,-0.0186905072508215,-0.0227694145107385,-0.028334442902569,-0.0205013007693776,-0.00642396915508887,-0.0366648371646052,-0.0404094889942148,-0.0196599153090661,-0.0180065670750291,-0.0157997544602446,-0.0154038203369864,-0.0288758210566274,-0.00812469437890482,-0.0229507516265433,-0.0336649791554065,-0.0151398148275426,-0.0302949762179525,-0.0208540327940424,-0.0566334445996977,-0.0173451610954568,-0.0370594125961113
"state_0708Dadra & Nagar Haveli",-0.00231687054118543,-0.0113680405415809,-0.00879765006239988,-0.00894115886365182,0.0016042490778088,-0.0104653378371587,0.0104653378371587,-0.0101265417714631,-0.00630382386834674,0.0245238093778771,-0.00822667009963281,-0.019148929069573,-0.00022691168498918,-0.00407233975351779,-0.00225271568818352,-0.0273621287679693,-0.0192781540993483,0.066171732890071,-0.0114524865988953,-0.00507814066879775,-0.00707985404644352,-0.0145069939341952,-0.00233171173451202,-0.00668281254654349,1,-0.00218669736888031,-0.004766230434419,-0.0023019346095434,-0.00973006451165199,-0.0066183423208217,-0.00567154296569545,-0.00610472727135918,-0.00743698733540765,-0.00925464697051644,-0.00669617192435493,-0.00209820842019794,-0.0119755354059483,-0.013198620357072,-0.00642135708406021,-0.00588133749456785,-0.00516054436830269,-0.00503122364910208,-0.00943147288204591,-0.00265370236776971,-0.00749621599204081,-0.0109957163591888,-0.0049449936922971,-0.00989499990667851,-0.00681138189600422,-0.0184977180704249,-0.00566530787767567,-0.0121044123468311
"state_0708Daman & Diu",-0.0023210579952905,-0.0113885868548748,-0.00286693013521022,-0.00249418722729094,-0.0145474607458279,-0.0157229088315976,0.0157229088315976,-0.00621516729812965,-0.00631521724260067,0.0144470368553878,-0.00754434312198171,-0.00739553440997943,-0.000227321799515716,-0.0040796999989561,-0.00225678719040328,0.0135430860384832,-0.0158606018859735,-0.00597031064206931,-0.0114731855378891,-0.00508731877372931,-0.00709264999828514,-0.014533213513595,-0.00233592601221456,-0.0066948908954584,-0.00218669736888031,1,-0.00477484480058102,-0.00230609506881831,-0.00974765038789519,-0.00663030414786266,-0.00568179357115793,-0.00611576080333748,-0.00745042876106479,-0.00927137358890411,-0.00670827441868695,-0.00210200066982825,-0.0119971796903536,-0.013222475214731,-0.00643296288490446,-0.00589196727742865,-0.00516987140763906,-0.00504031695739437,-0.00944851909114709,-0.00265849860332498,-0.00750976446605735,-0.011015589743011,-0.00495393115071433,-0.00991288388304171,-0.0068236926179429,-0.0185311503852601,-0.00567554721397258,-0.0121262895601734
"state_0708Delhi",-0.0050590892981777,0.0385697321937718,0.00448489074528589,-0.00273641763365645,-0.0129126838835254,-0.121840774473,0.121840774473,-0.0062180834590503,0.0109172809874939,0.0105476345892405,-0.0240873818758695,0.00230871595577877,-0.000495481494002758,-0.00709187696073741,0.00965062412060658,-0.0479372368072734,0.0301723980378971,-0.0385292803315487,-0.0250075053222738,-0.0110885639293269,-0.0154594800192881,-0.0316772890225681,-0.00509149634075497,-0.0145925052068691,-0.004766230434419,-0.00477484480058102,1,-0.0050264753861579,-0.0212464461721262,-0.0144517288348777,-0.0123843097021274,-0.0133302054896121,-0.0162393117657408,-0.0202083304242622,-0.0146216765757409,-0.00458162144806441,-0.0261496281018645,-0.0288203409780068,-0.014021594355941,-0.0128424143898236,-0.0112684996085568,-0.0109861165167237,-0.020594445254899,-0.00579459102723208,-0.0163686427133168,-0.0240101075867672,-0.0107978258704725,-0.0216065970209525,-0.0148732476169473,-0.0403913839236246,-0.0123706948425499,-0.0264310421647639
"state_0708Goa",-0.00244337593586143,-0.0119887564727295,-0.00290762417692706,0.0040508954815778,-0.0197903543546969,-0.0263012620006889,0.0263012620006889,-0.000442391434382528,-0.00664802425082952,-0.00498381046028998,0.0186063591949608,-0.000976945197507615,-0.000239301480515602,-0.00429469699731463,-0.0023757181098381,-0.0266820072586723,-0.0136602075075337,-0.0154223530777135,-0.0120778134401777,-0.00535541649326944,-0.00746642710456691,-0.0152991024963386,-0.00245902748563438,-0.0070477064081955,-0.0023019346095434,-0.00230609506881831,-0.0050264753861579,1,-0.0102613439376689,-0.00697971598952145,-0.00598121964747104,-0.00643805661328151,-0.00784306052823738,-0.00975996772397888,-0.00706179523261151,-0.0022127744607204,-0.0126294216745501,-0.0139192893145162,-0.00677197499638215,-0.0062024693436311,-0.00544231958639322,-0.00530593771796504,-0.00994644865562576,-0.00279859939995204,-0.00790552317848229,-0.0115961027048751,-0.00521499944685058,-0.010435285108736,-0.00718329588070078,-0.0195077275135235,-0.00597464411216997,-0.0127653355335329
"state_0708Gujrat",-0.010327923905211,0.0287176479634346,0.000936213256552418,0.00757720244703625,0.00455615177678565,-0.0398113600461492,0.0398113600461492,0.000774566117359201,-0.027208800404019,0.0505725482975403,-0.0462130033319466,-0.0112226205609358,-0.00101150520674691,-0.0167872233159208,0.0046975020421535,0.0237778940202634,-0.0378849392251523,0.00671101234892033,-0.0510517994062174,-0.02263684978293,-0.0315598962271823,-0.0646678900619317,-0.010394081557324,-0.0297900026033802,-0.00973006451165199,-0.00974765038789519,-0.0212464461721262,-0.0102613439376689,1,-0.0295026133971741,-0.0252820617870148,-0.0272130693537892,-0.033151890845345,-0.0412544801196038,-0.0298495547600073,-0.00935319281582028,-0.0533833963521779,-0.0588355474673614,-0.0286245114491249,-0.0262172637723174,-0.023004181113177,-0.0224277075797207,-0.0420427177557649,-0.0118294206060178,-0.0334159146858464,-0.0490156527185234,-0.0220433199256889,-0.0441089841929604,-0.0303631267525336,-0.0824573584304817,-0.0252542676078611,-0.0539578916531498
"state_0708Haryana",-0.00702500335803538,-0.0344691347915936,-0.00867716096190808,0.015754349158007,0.0173367750799355,-0.009984176011894,0.009984176011894,-0.00746030450746856,0.0565113274626166,0.0338995338750924,-0.0350113758339818,-0.0311061635615538,-0.000688020897449348,-0.0103842974505933,-0.00565351246523683,-0.0299059120222175,0.0361449744252084,-0.0565592626342581,-0.0347251844177117,-0.0153974745746044,-0.0214668871508475,-0.0439867827274822,-0.00707000346960138,-0.0202630141588833,-0.0066183423208217,-0.00663030414786266,-0.0144517288348777,-0.00697971598952145,-0.0295026133971741,1,-0.017196734850238,-0.0185101967585013,-0.0225497541084447,-0.0280610957277658,-0.0203035212448562,-0.00636199603545833,-0.0363111252636769,-0.040019651802559,-0.019470252772692,-0.0178328546693407,-0.0156473315501546,-0.0152552170705064,-0.0285972511149678,-0.00804631407466888,-0.0227293418343122,-0.0333402073934972,-0.0149937584669475,-0.0300027154458446,-0.0206528504038883,-0.0560870921576579,-0.0171778293853629,-0.0367018941593203
"state_0708Himachal Pradesh",-0.00602002834668855,-0.0092244572690633,0.00711358317680819,0.0115582005807837,-0.0182153541666602,0.0294388365339078,-0.0294388365339078,-0.00181980764917243,-0.0129076350631071,0.0492736607660147,-0.0295078953002223,-0.040489381394075,-0.000589594779484908,-0.00906181873264825,-0.00585333192285348,-0.0723113747966003,0.0258460676583911,-0.0187623873001326,-0.0297575081296379,-0.0131947600139444,-0.0183959014074976,-0.0376941711483236,-0.00605859088301344,-0.0173642507210442,-0.00567154296569545,-0.00568179357115793,-0.0123843097021274,-0.00598121964747104,-0.0252820617870148,-0.017196734850238,1,-0.0158621858965006,-0.0193238568046159,-0.0240467631274054,-0.0173989629899774,-0.00545186877823789,-0.0311165692380258,-0.0342945655675113,-0.016684899299516,-0.0152817422484547,-0.0134088732317665,-0.0130728534232923,-0.0245062178015336,-0.0068952335460856,-0.0194777532721464,-0.0285706615872712,-0.0128487982700613,-0.0257106208005724,-0.017698318211987,-0.048063448152392,-0.0147204228332249,-0.0314514359571186
"state_0708Jammu & Kashmir",-0.0064798294652059,-0.0275314798487831,0.00514648076837377,0.0301138339990543,0.0124966284760468,-0.016826634410748,0.016826634410748,0.00222323468891526,-0.00238954191649558,-0.119030427673586,-0.0314064449147193,0.173468019676245,-0.000634627181901791,-0.0113895302556528,-0.00630040100792559,-0.0675390557977132,-0.024481134169127,-0.0441157942255541,-0.032030343859926,-0.0142025568321963,-0.0198009539348806,-0.0405731978005808,-0.00652133735265977,-0.0186905072508215,-0.00610472727135918,-0.00611576080333748,-0.0133302054896121,-0.00643805661328151,-0.0272130693537892,-0.0185101967585013,-0.0158621858965006,1,-0.0207997852324992,-0.025883420356547,-0.0187278707929311,-0.00586827468498998,-0.0334932081035501,-0.0369139352280821,-0.0179592679434715,-0.0164489397722588,-0.014433023710113,-0.0140713391913057,-0.0263779675187677,-0.00742188158069249,-0.0209654360911472,-0.0307528476830832,-0.0138301710272038,-0.0276743610889615,-0.0190500903367068,-0.0517344652881871,-0.0158447475861114,-0.0338536514618172
"state_0708Jharkhand",-0.00789394964362074,0.127059952231996,0.00496520680159336,-0.0147815746447346,0.00608600519962171,0.023206843056162,-0.023206843056162,-0.0034645732047433,-0.0210959451192937,0.00586273868204012,-0.00981765166266768,-0.00712845877103771,-0.000773124515596443,0.0838963914525914,-0.00767536376665747,0.0133608594452979,-0.00414012862435448,0.0530202164862672,-0.0390204592352728,-0.0173020399758304,-0.0241221986006722,-0.0494276557796549,-0.00794451597027405,-0.0227694145107385,-0.00743698733540765,-0.00745042876106479,-0.0162393117657408,-0.00784306052823738,-0.033151890845345,-0.0225497541084447,-0.0193238568046159,-0.0207997852324992,1,-0.031532067008436,-0.0228149320542979,-0.00714893271607061,-0.0408025704368706,-0.0449698170923828,-0.0218785938031479,-0.0200386604231201,-0.0175828026006739,-0.017142186162574,-0.0321345412582906,-0.00904158971677893,-0.0255408105489872,-0.037464169746253,-0.0168483868654369,-0.0337138521976798,-0.0232074709114689,-0.063024693168404,-0.0193026128593347,-0.0412416748509402
"state_0708Karnataka",-0.00982329454922493,-0.0327563540860528,-0.0100899907393496,0.010827486520336,-0.0172685158046506,-0.0267574608049556,0.0267574608049556,0.00542375788742034,-0.0264162767915308,0.0277092966372097,-0.0353462386989783,0.00589376370049877,-0.000962082377364917,-0.0172663047814575,0.0281792121926607,0.0068685953298406,-0.00349384628317591,-0.036316947562159,-0.0485573739153811,-0.0215307979729804,-0.03001785832544,-0.0615081731609885,-0.00988621969365574,-0.028334442902569,-0.00925464697051644,-0.00927137358890411,-0.0202083304242622,-0.00975996772397888,-0.0412544801196038,-0.0280610957277658,-0.0240467631274054,-0.025883420356547,-0.031532067008436,1,-0.0283910853006074,-0.00889618948094099,-0.0507750474557641,-0.0559608027752793,-0.0272258984354906,-0.0249362705103425,-0.0218801812457672,-0.0213318745995863,-0.0399884820951498,-0.0112514271044396,-0.0317831904654762,-0.0466207147338745,-0.0209662683865546,-0.0419537893551002,-0.0288795638176778,-0.078428436058055,-0.0240203269906646,-0.0513214725270374
"state_0708Kerala",-0.00710761516618079,-0.0348744808683579,-0.00896830840671216,0.00949069858703529,-0.04673870832784,-0.00666450504114017,0.00666450504114017,0.00508166910921513,-0.0193386524344848,-0.0727912225313134,0.0826138235481317,0.048640405302708,-0.000696111804670302,-0.011845795759275,-0.00691080313112658,0.0700996349591354,-0.033615437577342,-0.0537137558392174,-0.0351335415568956,-0.0155785439850453,-0.021719330925166,-0.0445040533206681,-0.00715314446477745,-0.0205013007693776,-0.00669617192435493,-0.00670827441868695,-0.0146216765757409,-0.00706179523261151,-0.0298495547600073,-0.0203035212448562,-0.0173989629899774,-0.0187278707929311,-0.0228149320542979,-0.0283910853006074,1,-0.00643681108809391,-0.036738132563514,-0.0404902701963255,-0.0196992167610467,-0.0180425633761711,-0.0158313391990872,-0.015434613577683,-0.0289335457048587,-0.00814093617248129,-0.0229966316747709,-0.0337322776426234,-0.0151700803040904,-0.0303555378497731,-0.0208957213646214,-0.0567466585463666,-0.0173798352028906,-0.0371334967771095
"state_0708Lakshadweep",-0.00222713188335955,0.184570807301251,0.00578061288683975,0.0043713671426883,0.0287625205774947,-0.0332957358712072,0.0332957358712072,-0.000412373886336574,-0.00605965973268109,-0.0772882701571679,-0.00984707069589832,0.104969313870937,-0.00021812278215944,-0.00391460702862082,-0.00216546192120511,-0.0358951030764775,-0.0214497430666602,0.108565859359544,-0.0110089008404758,-0.00488145055608296,-0.00680563216461946,-0.0139450988512798,-0.00224139823714182,-0.00642396915508887,-0.00209820842019794,-0.00210200066982825,-0.00458162144806441,-0.0022127744607204,-0.00935319281582028,-0.00636199603545833,-0.00545186877823789,-0.00586827468498998,-0.00714893271607061,-0.00889618948094099,-0.00643681108809391,1,-0.0115116905536055,-0.0126874021189484,-0.00617264056929839,-0.00565353739799764,-0.00496066253759024,-0.00483635075935902,-0.00906616644701556,-0.00255091730294963,-0.00720586728674516,-0.0105698225466417,-0.00475346072182533,-0.00951173981725489,-0.00654755866614525,-0.0177812514560868,-0.0054458751920286,-0.0116355757422539
"state_0708Madhya Pradesh",0.00513098926806018,-0.0415936063810859,-0.0024386992988257,-0.00348256749172382,0.0189389337562767,-0.00453394388311098,0.00453394388311098,-0.00754487257030828,-0.0335987716915776,0.0850627448129754,-0.0629929962377799,-0.0400744035407434,-0.00124493690686281,-0.0185637288903058,0.0216184445452618,0.0155408082223724,-0.0143246652538131,0.0529567498961512,-0.0628333584627828,-0.0278609042858893,-0.0388431807646584,-0.0795917237896007,-0.0127927920264644,-0.0366648371646052,-0.0119755354059483,-0.0119971796903536,-0.0261496281018645,-0.0126294216745501,-0.0533833963521779,-0.0363111252636769,-0.0311165692380258,-0.0334932081035501,-0.0408025704368706,-0.0507750474557641,-0.036738132563514,-0.0115116905536055,1,-0.072413413187745,-0.0352303779616738,-0.0322675939278899,-0.0283130070798947,-0.0276034969629317,-0.0517451918681613,-0.0145593736947928,-0.0411275247934957,-0.0603273168310224,-0.02713040164515,-0.0542883041824459,-0.0373702249377619,-0.101486584614601,-0.0310823608136282,-0.066410108704784
